# flake8: noqa
input_grid:
[[[[-1.] [-1.] [-1.] [-1.] [-1.] [-1.] [-1.]]
  [[ 1.] [-1.] [-1.] [ 1.] [-1.] [-1.] [ 1.]]
  [[-1.] [-1.] [-1.] [-1.] [-1.] [-1.] [-1.]]
  [[-1.] [-1.] [ 1.] [-1.] [-1.] [-1.] [-1.]]
  [[-1.] [-1.] [-1.] [-1.] [-1.] [ 1.] [-1.]]
  [[ 1.] [-1.] [-1.] [-1.] [-1.] [-1.] [-1.]]
  [[-1.] [-1.] [-1.] [-1.] [ 1.] [-1.] [-1.]]]

 [[[-1.] [-1.] [-1.] [-1.] [-1.] [-1.] [-1.]]
  [[ 1.] [-1.] [-1.] [ 1.] [-1.] [-1.] [-1.]]
  [[-1.] [-1.] [-1.] [-1.] [-1.] [-1.] [-1.]]
  [[-1.] [-1.] [-1.] [-1.] [ 1.] [-1.] [-1.]]
  [[ 1.] [-1.] [-1.] [-1.] [-1.] [-1.] [-1.]]
  [[-1.] [-1.] [-1.] [-1.] [-1.] [-1.] [-1.]]
  [[-1.] [-1.] [ 1.] [-1.] [-1.] [-1.] [-1.]]]]

input_cell:
[[[[ 0.] [ 0.] [ 0.] [ 0.] [ 0.] [ 0.] [ 0.]]
  [[ 0.] [ 0.] [ 0.] [ 0.] [ 0.] [ 0.] [ 0.]]
  [[ 0.] [ 0.] [ 0.] [ 0.] [ 0.] [ 0.] [ 0.]]
  [[ 0.] [ 0.] [ 1.] [ 0.] [ 0.] [ 0.] [ 0.]]
  [[ 0.] [ 0.] [ 0.] [ 0.] [ 0.] [ 0.] [ 0.]]
  [[ 0.] [ 0.] [ 0.] [ 0.] [ 0.] [ 0.] [ 0.]]
  [[ 0.] [ 0.] [ 0.] [ 0.] [ 0.] [ 0.] [ 0.]]]

 [[[ 0.] [ 0.] [ 0.] [ 0.] [ 1.] [ 0.] [ 0.]]
  [[ 0.] [ 0.] [ 0.] [ 0.] [ 0.] [ 0.] [ 0.]]
  [[ 0.] [ 0.] [ 0.] [ 0.] [ 0.] [ 0.] [ 0.]]
  [[ 0.] [ 0.] [ 0.] [ 0.] [ 0.] [ 0.] [ 0.]]
  [[ 0.] [ 0.] [ 0.] [ 0.] [ 0.] [ 0.] [ 0.]]
  [[ 0.] [ 0.] [ 0.] [ 0.] [ 0.] [ 0.] [ 0.]]
  [[ 0.] [ 0.] [ 0.] [ 0.] [ 0.] [ 0.] [ 0.]]]]

input_labels:
[[ 1.] [ 0.]]

input_stacked:
(2, 7, 7, 2)
[[[[-1.  0.] [-1.  0.] [-1.  0.] [-1.  0.] [-1.  0.] [-1.  0.] [-1.  0.]]
  [[ 1.  0.] [-1.  0.] [-1.  0.] [ 1.  0.] [-1.  0.] [-1.  0.] [ 1.  0.]]
  [[-1.  0.] [-1.  0.] [-1.  0.] [-1.  0.] [-1.  0.] [-1.  0.] [-1.  0.]]
  [[-1.  0.] [-1.  0.] [ 1.  1.] [-1.  0.] [-1.  0.] [-1.  0.] [-1.  0.]]
  [[-1.  0.] [-1.  0.] [-1.  0.] [-1.  0.] [-1.  0.] [ 1.  0.] [-1.  0.]]
  [[ 1.  0.] [-1.  0.] [-1.  0.] [-1.  0.] [-1.  0.] [-1.  0.] [-1.  0.]]
  [[-1.  0.] [-1.  0.] [-1.  0.] [-1.  0.] [ 1.  0.] [-1.  0.] [-1.  0.]]]

 [[[-1.  0.] [-1.  0.] [-1.  0.] [-1.  0.] [-1.  1.] [-1.  0.] [-1.  0.]]
  [[ 1.  0.] [-1.  0.] [-1.  0.] [ 1.  0.] [-1.  0.] [-1.  0.] [-1.  0.]]
  [[-1.  0.] [-1.  0.] [-1.  0.] [-1.  0.] [-1.  0.] [-1.  0.] [-1.  0.]]
  [[-1.  0.] [-1.  0.] [-1.  0.] [-1.  0.] [ 1.  0.] [-1.  0.] [-1.  0.]]
  [[ 1.  0.] [-1.  0.] [-1.  0.] [-1.  0.] [-1.  0.] [-1.  0.] [-1.  0.]]
  [[-1.  0.] [-1.  0.] [-1.  0.] [-1.  0.] [-1.  0.] [-1.  0.] [-1.  0.]]
  [[-1.  0.] [-1.  0.] [ 1.  0.] [-1.  0.] [-1.  0.] [-1.  0.] [-1.  0.]]]]

 conv1even:
(2, 7, 4, 1)
[[[[ 0.41796875] [ 0.        ] [ 0.        ] [ 0.31103516]]
  [[ 0.52148438] [ 0.27636719] [ 0.85595703] [ 0.        ]]
  [[ 0.        ] [ 0.65576172] [ 1.15039062] [ 0.        ]]
  [[ 1.14257812] [ 0.09094238] [ 0.        ] [ 0.        ]]
  [[ 0.63183594] [ 0.78369141] [ 0.5625    ] [ 0.48168945]]
  [[ 0.10949707] [ 0.30541992] [ 0.74707031] [ 0.37451172]]
  [[ 0.18469238] [ 0.71044922] [ 0.28027344] [ 0.        ]]]

 [[[ 0.41796875] [ 0.        ] [ 0.        ] [ 0.05700684]]
  [[ 0.        ] [ 0.00744629] [ 1.24609375] [ 0.06054688]]
  [[ 0.43554688] [ 0.17590332] [ 1.01855469] [ 0.06860352]]
  [[ 0.89160156] [ 0.47851562] [ 0.        ] [ 0.        ]]
  [[ 0.2232666 ] [ 0.67041016] [ 0.48876953] [ 0.04174805]]
  [[ 0.        ] [ 0.94726562] [ 1.14257812] [ 0.        ]]
  [[ 0.92724609] [ 0.        ] [ 0.15637207] [ 0.07226562]]]]

 conv1odd:
(2, 7, 3, 1)
[[[[ 0.        ] [ 0.        ] [ 0.        ]]
  [[ 0.        ] [ 0.        ] [ 0.        ]]
  [[ 0.        ] [ 0.29516602] [ 0.        ]]
  [[ 0.        ] [ 0.        ] [ 0.23120117]]
  [[ 0.        ] [ 0.        ] [ 0.52441406]]
  [[ 0.        ] [ 0.        ] [ 0.56152344]]
  [[ 0.        ] [ 0.01269531] [ 0.        ]]]

 [[[ 0.        ] [ 0.        ] [ 0.        ]]
  [[ 0.        ] [ 0.        ] [ 0.15539551]]
  [[ 0.        ] [ 0.        ] [ 0.        ]]
  [[ 0.        ] [ 0.        ] [ 0.        ]]
  [[ 0.15075684] [ 0.        ] [ 0.42504883]]
  [[ 0.        ] [ 0.        ] [ 0.        ]]
  [[ 0.04748535] [ 0.        ] [ 0.40722656]]]]

conv1odd_pad:
(?, 7, 4, 1)
[[[[ 0.        ] [ 0.        ] [ 0.        ] [ 0.        ]]
  [[ 0.        ] [ 0.        ] [ 0.        ] [ 0.        ]]
  [[ 0.        ] [ 0.29516602] [ 0.        ] [ 0.        ]]
  [[ 0.        ] [ 0.        ] [ 0.23120117] [ 0.        ]]
  [[ 0.        ] [ 0.        ] [ 0.52441406] [ 0.        ]]
  [[ 0.        ] [ 0.        ] [ 0.56152344] [ 0.        ]]
  [[ 0.        ] [ 0.01269531] [ 0.        ] [ 0.        ]]]

 [[[ 0.        ] [ 0.        ] [ 0.        ] [ 0.        ]]
  [[ 0.        ] [ 0.        ] [ 0.15539551] [ 0.        ]]
  [[ 0.        ] [ 0.        ] [ 0.        ] [ 0.        ]]
  [[ 0.        ] [ 0.        ] [ 0.        ] [ 0.        ]]
  [[ 0.15075684] [ 0.        ] [ 0.42504883] [ 0.        ]]
  [[ 0.        ] [ 0.        ] [ 0.        ] [ 0.        ]]
  [[ 0.04748535] [ 0.        ] [ 0.40722656] [ 0.        ]]]]

 conv1s:
(?, 7, 4, 2, 1)
[[[[[ 0.41796875] [ 0.        ]]
   [[ 0.        ] [ 0.        ]]
   [[ 0.        ] [ 0.        ]]
   [[ 0.31103516] [ 0.        ]]]
  [[[ 0.52148438] [ 0.        ]]
   [[ 0.27636719] [ 0.        ]]
   [[ 0.85595703] [ 0.        ]]
   [[ 0.        ] [ 0.        ]]]
  [[[ 0.        ] [ 0.        ]]
   [[ 0.65576172] [ 0.29516602]]
   [[ 1.15039062] [ 0.        ]]
   [[ 0.        ] [ 0.        ]]]
  [[[ 1.14257812] [ 0.        ]]
   [[ 0.09094238] [ 0.        ]]
   [[ 0.        ] [ 0.23120117]]
   [[ 0.        ] [ 0.        ]]]
  [[[ 0.63183594] [ 0.        ]]
   [[ 0.78369141] [ 0.        ]]
   [[ 0.5625    ] [ 0.52441406]]
   [[ 0.48168945] [ 0.        ]]]
  [[[ 0.10949707] [ 0.        ]]
   [[ 0.30541992] [ 0.        ]]
   [[ 0.74707031] [ 0.56152344]]
   [[ 0.37451172] [ 0.        ]]]
  [[[ 0.18469238] [ 0.        ]]
   [[ 0.71044922] [ 0.01269531]]
   [[ 0.28027344] [ 0.        ]]
   [[ 0.        ] [ 0.        ]]]]

 [[[[ 0.41796875] [ 0.        ]] [[ 0.        ] [ 0.        ]]
   [[ 0.        ] [ 0.        ]] [[ 0.05700684] [ 0.        ]]]
  [[[ 0.        ] [ 0.        ]] [[ 0.00744629] [ 0.        ]]
   [[ 1.24609375] [ 0.15539551]] [[ 0.06054688] [ 0.        ]]]
  [[[ 0.43554688] [ 0.        ]] [[ 0.17590332] [ 0.        ]]
   [[ 1.01855469] [ 0.        ]] [[ 0.06860352] [ 0.        ]]]
  [[[ 0.89160156] [ 0.        ]] [[ 0.47851562] [ 0.        ]]
   [[ 0.        ] [ 0.        ]] [[ 0.        ] [ 0.        ]]]
  [[[ 0.2232666 ] [ 0.15075684]] [[ 0.67041016] [ 0.        ]]
   [[ 0.48876953] [ 0.42504883]] [[ 0.04174805] [ 0.        ]]]
  [[[ 0.        ] [ 0.        ]] [[ 0.94726562] [ 0.        ]]
   [[ 1.14257812] [ 0.        ]] [[ 0.        ] [ 0.        ]]]
  [[[ 0.92724609] [ 0.04748535]] [[ 0.        ] [ 0.        ]]
   [[ 0.15637207] [ 0.40722656]] [[ 0.07226562] [ 0.        ]]]]]

conv1:
(?, 7, 7, 1)
[[[[ 0.41796875] [ 0.        ] [ 0.        ] [ 0.        ] [ 0.        ] [ 0.        ] [ 0.31103516]]
  [[ 0.52148438] [ 0.        ] [ 0.27636719] [ 0.        ] [ 0.85595703] [ 0.        ] [ 0.        ]]
  [[ 0.        ] [ 0.        ] [ 0.65576172] [ 0.29516602] [ 1.15039062] [ 0.        ] [ 0.        ]]
  [[ 1.14257812] [ 0.        ] [ 0.09094238] [ 0.        ] [ 0.        ] [ 0.23120117] [ 0.        ]]
  [[ 0.63183594] [ 0.        ] [ 0.78369141] [ 0.        ] [ 0.5625    ] [ 0.52441406] [ 0.48168945]]
  [[ 0.10949707] [ 0.        ] [ 0.30541992] [ 0.        ] [ 0.74707031] [ 0.56152344] [ 0.37451172]]
  [[ 0.18469238] [ 0.        ] [ 0.71044922] [ 0.01269531] [ 0.28027344] [ 0.        ] [ 0.        ]]]

 [[[ 0.41796875] [ 0.        ] [ 0.        ] [ 0.        ] [ 0.        ] [ 0.        ] [ 0.05700684]]
  [[ 0.        ] [ 0.        ] [ 0.00744629] [ 0.        ] [ 1.24609375] [ 0.15539551] [ 0.06054688]]
  [[ 0.43554688] [ 0.        ] [ 0.17590332] [ 0.        ] [ 1.01855469] [ 0.        ] [ 0.06860352]]
  [[ 0.89160156] [ 0.        ] [ 0.47851562] [ 0.        ] [ 0.        ] [ 0.        ] [ 0.        ]]
  [[ 0.2232666 ] [ 0.15075684] [ 0.67041016] [ 0.        ] [ 0.48876953] [ 0.42504883] [ 0.04174805]]
  [[ 0.        ] [ 0.        ] [ 0.94726562] [ 0.        ] [ 1.14257812] [ 0.        ] [ 0.        ]]
  [[ 0.92724609] [ 0.04748535] [ 0.        ] [ 0.        ] [ 0.15637207] [ 0.40722656] [ 0.07226562]]]]

conv1flat:
[[ 0.41796875  0.          0.          0.          0.          0.
   0.31103516  0.52148438  0.          0.27636719  0.          0.85595703
   0.          0.          0.          0.          0.65576172  0.29516602
   1.15039062  0.          0.          1.14257812  0.          0.09094238
   0.          0.          0.23120117  0.          0.63183594  0.
   0.78369141  0.          0.5625      0.52441406  0.48168945  0.10949707
   0.          0.30541992  0.          0.74707031  0.56152344  0.37451172
   0.18469238  0.          0.71044922  0.01269531  0.28027344  0.          0.        ]
 [ 0.41796875  0.          0.          0.          0.          0.
   0.05700684  0.          0.          0.00744629  0.          1.24609375
   0.15539551  0.06054688  0.43554688  0.          0.17590332  0.
   1.01855469  0.          0.06860352  0.89160156  0.          0.47851562
   0.          0.          0.          0.          0.2232666   0.15075684
   0.67041016  0.          0.48876953  0.42504883  0.04174805  0.          0.
   0.94726562  0.          1.14257812  0.          0.          0.92724609
   0.04748535  0.          0.          0.15637207  0.40722656  0.07226562]]

 logits:
[[ 0.36401367]
 [ 0.48681641]]

inuse:
[[ 0.58984375]
 [ 0.61914062]]

loss:
0.74658203125
